00110000001000010000000000000000
00110000010000100000000000000000
00100000001000010000000000000101
00100000010000100000000000001010
00000000010000010000100000100000
00000000001000100001000000100010
00000000001000100001100000100110
00000000001000100010000000100100
00000000011001000010000000100101
00000000010000010010100000101010
00000000001000010000100001000010
00000000010000100001000001000000
00110000011000110000000000000000
00110100101001010000000000001100
10101100011001010000000000000000
10001100011001100000000000000000
00100000011000110000000000000001
00010100110000111111111111111110
00010000110000110000000000000001
00100000111001110000000000000011
00100000011000110000000000001011
00000000011000110001100010000000
00000000000000000001100000001000
00100001000010000000000000000100
00001000000000000000000000011010
00100001001010010000000000000110