00100000001001100000000000000000	
00110001000010000000000000000000
00111100000001000111000000000000
00111100000001010111111111111111
00110101000010000000000000001011
00010000110000011111111111111111	
00100000001001100000000000000000
00000000001000010011100001000000
00000001000001110011100000100000
00000000111001110011100000001000
00001000000000000000000000000101
00001100000000000000000000011001	
00001000000000000000000000000101
00001100000000000000000000011101
00001000000000000000000000000101
00001100000000000000000000011111
00001000000000000000000000000101
00001100000000000000000000100001
00001000000000000000000000000101
00001100000000000000000000100011
00001000000000000000000000000101
00001100000000000000000000100101
00001000000000000000000000000101
00001100000000000000000000100111
00001000000000000000000000000101
00000000100001010000000000011000	
00000000000000000001000000010010
00000000000000000001100000010000
00000011111111111111100000001000
00000000100001010001000000101101	
00000011111111111111100000001000
00111100000000100001000000000000	
00000011111111111111100000001000
00000000010001010000000000101111	
00000011111111111111100000001000
00000000010001000000000000110000	
00000011111111111111100000001000
00000000101001010001000000110001	
00000011111111111111100000001000
00000000100001010001000000110010	
00000011111111111111100000001000