001000 00001 00110 00000 00000 000000 	// 0 start
001100 01000 01000 00000 00000 000000
001111 00000 00100 01110 00000 000000
001111 00000 00101 01111 11111 111111
001101 01000 01000 00000 00000 001011
000100 00110 00001 11111 11111 111111	// 20 loop
001000 00001 00110 00000 00000 000000
000000 00001 00001 00111 00001 000000
000000 01000 00111 01000 00000 100000
000000 00111 00111 00111 00000 001000
000010 00000 00000 00000 00000 010100
000011 00000 00000 00000 00001 100100	// 44 call_table
000010 00000 00000 00000 00000 010100
000011 00000 00000 00000 00001 110100
000010 00000 00000 00000 00000 010100
000011 00000 00000 00000 00001 111100
000010 00000 00000 00000 00000 010100
000011 00000 00000 00000 00010 000100
000010 00000 00000 00000 00000 010100
000011 00000 00000 00000 00010 001100
000010 00000 00000 00000 00000 010100
000011 00000 00000 00000 00010 010100
000010 00000 00000 00000 00000 010100
000011 00000 00000 00000 00010 011100
000010 00000 00000 00000 00000 010100
000000 00100 00101 00000 00000 011000	// 100 op0
000000 00000 00000 00010 00000 010010
000000 00000 00000 00011 00000 010000
000000 11111 11111 11111 00000 001000
000000 00100 00101 00010 00000 101101	// 116 op1
000000 11111 11111 11111 00000 001000
001111 00000 00010 00010 00000 000000	// 124 op2
000000 11111 11111 11111 00000 001000
000000 00010 00101 00000 00000 101111	// 132 op3
000000 11111 11111 11111 00000 001000
000000 00010 00100 00000 00000 110000	// 140 op4
000000 11111 11111 11111 00000 001000
000000 00101 00101 00010 00000 110001	// 148 op5
000000 11111 11111 11111 00000 001000
000000 00100 00101 00010 00000 110010	// 156 op6
000000 11111 11111 11111 00000 001000